start,finish,energy,point_id,vehicle_id,payment_id,pricing_id
'2018-04-25 11:08:04','2018-04-25 13:21:10',7.932,20004,47,2,2
'2018-04-25 13:45:10','2018-04-25 16:44:15',10.013,16134,40,2,1
'2018-04-25 13:45:50','2018-04-25 14:51:44',5.257,314,67,1,2
'2018-04-25 14:37:06','2018-04-25 16:05:22',5.177,20053,22,2,1
'2018-04-25 14:40:34','2018-04-25 17:40:30',10.119,3324,26,2,2
'2018-04-25 14:43:50','2018-04-25 16:18:28',7.91,318,85,1,3
'2018-04-25 14:47:42','2018-04-25 18:27:42',15.294,330,52,1,3
'2018-04-25 14:58:25','2018-04-25 16:48:29',6.953,190,53,1,2
'2018-04-25 15:10:52','2018-04-25 16:07:56',2.174,259,50,1,1
'2018-04-25 15:12:11','2018-04-25 18:30:20',2.439,3415,14,2,2
'2018-04-25 15:14:06','2018-04-25 18:33:20',6.955,26375,73,1,2
'2018-04-25 15:14:41','2018-04-25 16:18:11',3.249,21073,15,1,3
'2018-04-25 15:14:49','2018-04-25 16:42:00',2.72,20053,81,2,3
'2018-04-25 15:20:56','2018-04-25 16:07:41',2.575,52475,27,2,1
'2018-04-25 15:30:31','2018-04-25 18:54:57',5.4,22503,67,2,3
'2018-04-25 15:31:42','2018-04-25 18:26:57',4.929,146500,43,2,1
'2018-04-25 15:33:45','2018-04-25 17:49:46',4.043,6951,34,1,1
'2018-04-25 15:44:42','2018-04-25 17:40:09',2.49,73441,36,1,3
'2018-04-25 15:48:23','2018-04-25 18:06:06',5.95,21046,88,2,1
'2018-04-25 15:51:21','2018-04-25 17:56:52',4.474,317,44,2,3
'2018-04-25 15:53:29','2018-04-25 19:55:15',6.531,6663,64,2,3
'2018-04-25 15:57:29','2018-04-25 18:23:12',6.023,277,83,1,2
'2018-04-25 15:59:24','2018-04-25 18:27:10',9.553,20577,63,2,3
'2018-04-25 16:01:26','2018-04-26 00:14:16',14.693,6768,28,1,2
'2018-04-25 16:02:03','2018-04-25 17:14:25',2.207,21114,90,1,2
'2018-04-25 16:02:10','2018-04-25 19:27:51',9.153,3415,1,2,1
'2018-04-25 16:03:59','2018-04-25 22:19:58',17.446,6776,22,1,2
'2018-04-25 16:04:31','2018-04-25 18:13:16',4.548,184,44,1,1
'2018-04-25 16:25:51','2018-04-25 22:30:41',32.708,12555,91,1,3
'2018-04-25 16:38:01','2018-04-25 18:48:11',6.764,75111,9,2,3
'2018-04-25 16:52:05','2018-04-25 21:40:57',10.879,6669,69,1,1
'2018-04-25 17:06:18','2018-04-25 19:21:33',5.07,287,91,1,3
'2018-04-25 18:22:03','2018-04-26 01:41:10',6.337,20514,75,1,2
'2018-04-25 18:47:12','2018-04-25 19:36:31',2.375,16161,33,1,2
'2018-04-25 19:32:05','2018-04-25 21:47:47',6.523,3991,17,1,2
'2018-04-25 19:33:01','2018-04-25 20:25:58',2.203,20999,5,1,3
'2018-04-25 19:40:02','2018-04-25 22:07:12',7.738,3326,32,1,3
'2018-04-25 19:41:42','2018-04-25 23:12:06',12.94,6663,35,2,2
'2018-04-25 19:43:13','2018-04-26 00:56:17',14.328,12498,5,2,1
'2018-04-25 20:14:50','2018-04-25 23:28:12',4.189,109090,75,1,1
'2018-04-25 20:30:49','2018-04-25 21:05:52',0.829,281,88,1,3
'2018-04-25 21:57:42','2018-04-26 03:07:23',27.743,317,38,2,2
'2018-04-25 22:17:32','2018-04-26 01:13:17',12.692,21057,84,2,3
'2018-04-25 22:42:48','2018-04-25 23:18:46',1.304,318,65,1,2
'2018-04-26 00:02:16','2018-04-26 02:00:58',11.466,146500,39,2,2
'2018-04-26 00:03:03','2018-04-26 03:32:19',11.695,330,43,2,3
'2018-04-26 00:05:36','2018-04-26 00:30:52',2.87,22503,58,2,3
'2018-04-26 00:07:10','2018-04-26 01:16:50',2.264,6664,79,1,3
'2018-04-26 01:21:28','2018-04-26 09:20:00',1.02,20053,90,1,3
'2018-04-26 01:40:29','2018-04-26 02:32:53',5.023,21057,37,1,1
'2018-04-26 01:48:55','2018-04-26 03:18:33',8.693,91342,73,1,2
'2018-04-26 01:49:57','2018-04-26 02:41:30',4.915,3324,1,2,2
'2018-04-26 02:17:10','2018-04-26 04:29:34',13.892,20558,20,1,1
'2018-04-26 02:25:14','2018-04-26 02:36:19',1.155,20600,63,2,1
'2018-04-26 02:36:02','2018-04-26 04:34:34',11.891,20597,90,1,3
'2018-04-26 02:49:57','2018-04-26 04:00:57',6.956,26375,31,1,2
'2018-04-26 03:07:04','2018-04-26 03:29:55',2.568,20623,57,1,2
'2018-04-26 03:13:44','2018-04-26 05:32:35',6.503,73441,87,2,1
'2018-04-26 03:33:58','2018-04-26 04:46:04',2.272,21011,70,2,1
'2018-04-26 06:20:56','2018-04-26 14:08:56',13.926,6663,45,1,1
'2018-04-26 11:31:17','2018-04-26 12:51:30',4.632,20382,55,2,3
'2018-04-26 13:25:08','2018-04-26 16:53:27',12.138,20514,62,1,3
'2018-04-26 13:54:17','2018-04-26 23:07:12',7.108,20678,86,1,2
'2018-04-26 14:47:08','2018-04-27 00:14:02',13.155,20577,40,2,1
'2018-04-26 14:59:44','2018-04-26 16:09:28',7.186,21114,25,2,1
'2018-04-26 15:05:16','2018-04-26 16:06:18',2.354,109090,22,2,2
'2018-04-26 15:05:56','2018-04-26 17:09:59',13.413,21057,23,1,2
'2018-04-26 15:27:50','2018-04-26 16:32:25',6.14,6663,29,2,3
'2018-04-26 15:28:15','2018-04-26 19:00:07',6.087,331,28,2,1
'2018-04-26 15:45:26','2018-04-26 17:48:13',6.298,20407,5,2,2
'2018-04-26 15:46:05','2018-04-26 16:55:21',4.182,253379,74,1,3
'2018-04-26 15:46:33','2018-04-26 17:17:18',4.846,20412,91,1,3
'2018-04-26 15:47:39','2018-04-26 16:40:35',2.65,3968,79,2,2
'2018-04-26 15:55:18','2018-04-26 17:05:02',2.997,253379,59,1,1
'2018-04-26 15:56:04','2018-04-26 16:55:02',2.68,20623,91,2,2
'2018-04-26 15:57:16','2018-04-26 17:59:37',3.54,287,80,2,1
'2018-04-26 15:59:53','2018-04-26 16:44:39',1.916,20558,1,1,1
'2018-04-26 16:01:29','2018-04-26 17:33:17',2.757,6664,64,1,2
'2018-04-26 16:01:58','2018-04-26 19:20:10',10.248,292,58,2,1
'2018-04-26 16:07:42','2018-04-27 00:28:37',14.0,15627,88,1,2
'2018-04-26 16:09:35','2018-04-26 23:49:35',14.01,20650,65,1,3
'2018-04-26 16:20:52','2018-04-26 18:24:24',6.709,133929,49,1,2
'2018-04-26 16:21:31','2018-04-27 03:18:29',25.981,322,79,1,1
'2018-04-26 16:38:47','2018-04-26 18:37:00',4.263,331,4,1,3
'2018-04-26 16:41:12','2018-04-26 19:26:14',5.723,20577,6,1,1
'2018-04-26 16:53:04','2018-04-26 18:25:40',4.384,21014,38,2,1
'2018-04-26 16:58:21','2018-04-27 00:22:10',9.914,21014,42,1,1
'2018-04-26 17:08:18','2018-04-27 00:56:59',10.411,6668,38,2,3
'2018-04-26 17:11:27','2018-04-26 20:40:26',9.026,133929,37,2,3
'2018-04-26 17:15:26','2018-04-26 21:23:13',14.422,331,91,2,2
'2018-04-26 17:26:50','2018-04-26 20:43:34',18.861,3415,65,1,2
'2018-04-26 17:39:42','2018-04-26 19:07:32',5.728,3324,46,1,2
'2018-04-26 18:43:12','2018-04-26 19:51:48',2.528,259,85,2,3
'2018-04-26 19:38:28','2018-04-27 00:01:06',2.628,21011,90,2,3
'2018-04-26 20:17:40','2018-04-26 20:52:09',1.306,20101,43,2,1
'2018-04-26 20:27:49','2018-04-26 21:05:07',1.801,20678,73,2,1
'2018-04-26 21:02:30','2018-04-26 22:51:42',5.576,20053,7,1,2
'2018-04-26 21:18:45','2018-04-27 01:09:24',16.0,20673,69,1,2
'2018-04-26 23:04:49','2018-04-26 23:32:07',0.852,329,7,1,2
'2018-04-27 01:17:43','2018-04-27 01:51:00',1.829,317,60,2,3
'2018-04-27 01:22:57','2018-04-27 17:43:11',13.927,330,59,1,1
'2018-04-27 01:40:52','2018-04-27 03:53:16',13.872,20678,8,2,2
'2018-04-27 01:50:34','2018-04-27 02:47:02',5.654,6669,64,1,2
'2018-04-27 02:04:43','2018-04-27 03:24:02',2.558,6951,21,2,2
'2018-04-27 03:10:05','2018-04-27 05:09:39',6.417,20321,47,2,2
'2018-04-27 03:29:59','2018-04-27 04:19:06',5.56,281,81,1,1
'2018-04-27 05:06:13','2018-04-27 05:25:43',0.546,73441,57,1,2
'2018-04-27 13:16:28','2018-04-28 01:10:09',11.323,133928,3,2,2
'2018-04-27 14:14:39','2018-04-27 15:24:19',3.981,108814,11,2,1
'2018-04-27 14:41:42','2018-04-27 18:35:58',17.634,176880,6,2,3
'2018-04-27 15:00:26','2018-04-27 23:47:24',7.288,20623,45,2,1
'2018-04-27 15:09:06','2018-04-27 17:07:50',6.236,3327,62,2,2
'2018-04-27 15:09:39','2018-04-27 16:35:56',9.3,21064,64,2,2
'2018-04-27 15:14:35','2018-04-27 16:12:35',2.945,180674,56,2,2
'2018-04-27 15:15:12','2018-04-27 17:11:23',4.85,20407,22,1,2
'2018-04-27 15:16:03','2018-04-27 20:11:20',10.978,322,19,1,2
'2018-04-27 15:19:27','2018-04-27 16:28:32',3.846,317,48,2,3
'2018-04-27 15:27:27','2018-04-27 19:45:29',19.124,20573,58,2,3
'2018-04-27 15:31:38','2018-04-27 16:39:35',3.259,20303,27,1,2
'2018-04-27 15:42:36','2018-04-27 20:35:54',13.972,20407,14,2,3
'2018-04-27 16:19:01','2018-04-27 21:26:10',16.95,20573,28,1,1
'2018-04-27 16:25:09','2018-04-27 19:19:55',6.444,21046,75,1,2
'2018-04-27 16:27:57','2018-04-27 18:26:41',9.064,6666,68,2,2
'2018-04-27 16:28:35','2018-04-27 19:26:02',9.67,20597,81,1,3
'2018-04-27 16:37:18','2018-04-27 21:56:14',30.553,20531,24,1,1
'2018-04-27 16:38:52','2018-04-27 18:06:32',2.485,20001,54,2,2
'2018-04-27 16:43:29','2018-04-27 17:51:26',2.219,3415,13,1,2
'2018-04-27 16:47:18','2018-04-27 18:11:41',5.606,21073,78,2,2
'2018-04-27 16:51:19','2018-04-27 19:06:52',5.805,73817,74,2,2
'2018-04-27 16:56:15','2018-04-27 21:38:18',11.729,20558,33,1,1
'2018-04-27 17:03:53','2018-04-27 19:25:56',11.831,21046,74,2,3
'2018-04-27 17:10:25','2018-04-27 20:20:34',15.894,26375,51,1,3
'2018-04-27 17:19:02','2018-04-27 21:14:50',9.823,73441,58,2,2
'2018-04-27 17:26:41','2018-04-27 18:11:45',1.832,20785,88,2,1
'2018-04-27 17:32:30','2018-04-27 21:57:18',21.669,311,75,1,3
'2018-04-27 18:17:36','2018-04-28 00:30:23',1.759,21073,19,1,2
'2018-04-27 18:18:21','2018-04-27 23:57:03',2.531,21022,71,2,1
'2018-04-27 18:32:36','2018-04-27 20:06:34',2.848,143775,22,1,2
'2018-04-27 19:59:49','2018-04-27 22:31:26',13.871,334,27,2,3
'2018-04-27 20:15:40','2018-04-27 22:21:06',6.523,91342,59,2,3
'2018-04-27 20:29:42','2018-04-27 21:04:26',1.158,21064,34,2,3
'2018-04-27 21:25:00','2018-04-27 23:40:05',11.337,282,81,2,2
'2018-04-27 22:46:32','2018-04-28 00:21:39',10.577,6776,45,2,2
'2018-04-28 00:14:16','2018-04-28 04:29:47',12.49,20053,64,2,3
'2018-04-28 00:26:33','2018-04-28 04:57:21',15.432,20412,76,2,1
'2018-04-28 00:34:19','2018-04-28 02:44:19',13.31,73441,71,2,2
'2018-04-28 00:54:21','2018-04-28 02:16:57',4.254,331,9,2,3
'2018-04-28 01:31:06','2018-04-28 04:20:01',13.191,12601,63,2,3
'2018-04-28 01:39:36','2018-04-28 06:00:32',14.102,6666,13,1,2
'2018-04-28 01:45:55','2018-04-28 03:01:06',4.002,108814,22,2,1
'2018-04-28 02:01:09','2018-04-28 18:30:41',14.268,3323,42,1,2
'2018-04-28 03:15:17','2018-04-28 04:39:29',4.229,292,61,1,2
'2018-04-28 03:32:07','2018-04-28 19:53:28',39.897,176880,50,1,3
'2018-04-28 03:49:38','2018-04-28 05:52:30',6.419,6768,19,2,1
'2018-04-28 04:10:59','2018-04-28 20:32:12',41.924,21064,75,2,1
'2018-04-28 04:33:52','2018-04-28 08:00:54',11.873,3327,84,2,3
'2018-04-28 05:00:56','2018-04-28 17:10:11',33.381,15689,49,1,3
'2018-04-28 06:02:40','2018-04-28 08:48:22',16.741,3324,61,1,2
'2018-04-28 12:30:38','2018-04-28 14:07:05',5.652,3873,67,1,2
'2018-04-28 13:08:46','2018-04-28 13:29:15',2.284,20407,72,2,1
'2018-04-28 14:03:42','2018-04-28 14:53:27',1.581,253379,26,1,3
'2018-04-28 14:51:33','2018-04-28 16:50:49',13.508,253379,90,1,3
'2018-04-28 15:17:54','2018-04-28 16:51:57',5.275,6951,18,1,2
'2018-04-28 15:43:56','2018-04-28 18:32:31',18.737,12628,51,1,2
'2018-04-28 16:06:31','2018-04-28 17:07:42',3.537,3873,23,1,3
'2018-04-28 16:49:44','2018-04-28 18:51:29',3.242,6670,86,1,3
'2018-04-28 17:04:52','2018-04-28 20:06:14',17.61,312,34,1,3
'2018-04-28 17:22:23','2018-04-28 19:41:05',13.915,6669,33,2,1
'2018-04-28 17:46:54','2018-04-28 18:58:06',7.292,318,63,1,1
'2018-04-28 18:10:26','2018-04-28 19:24:34',8.469,12555,32,1,1
'2018-04-28 18:17:44','2018-04-28 19:48:30',8.968,334,7,1,3
'2018-04-28 18:20:11','2018-04-28 19:40:57',4.445,20101,62,1,1
'2018-04-28 18:27:39','2018-04-29 00:29:24',40.111,333,28,2,2
'2018-04-28 18:34:01','2018-04-28 22:12:00',12.963,73817,18,2,2
'2018-04-28 18:47:51','2018-04-28 21:08:59',13.913,3323,17,1,3
'2018-04-28 19:04:50','2018-04-28 20:50:27',5.99,3415,87,1,1
'2018-04-28 19:41:57','2018-04-28 21:56:09',13.909,20785,84,2,1
'2018-04-28 20:13:03','2018-04-28 20:29:06',1.745,26375,81,1,3
'2018-04-28 20:31:30','2018-04-28 20:51:35',2.27,314,19,1,1
'2018-04-28 21:17:00','2018-04-29 00:14:43',19.538,331,21,2,3
'2018-04-28 23:02:45','2018-04-29 01:18:50',6.942,15627,30,2,2
'2018-04-28 23:41:00','2018-04-29 04:02:12',13.914,6768,53,1,2
'2018-04-29 00:06:57','2018-04-29 06:15:12',40.858,20616,9,1,1
'2018-04-29 00:27:02','2018-04-29 03:52:24',12.102,20382,57,1,3
'2018-04-29 02:04:16','2018-04-29 03:09:09',6.142,12628,90,1,2
'2018-04-29 02:36:09','2018-04-29 04:36:40',13.619,20616,8,2,2
'2018-04-29 04:15:10','2018-04-29 05:12:14',5.355,73817,82,2,1
'2018-04-29 05:42:04','2018-04-29 13:00:22',17.25,143775,6,2,2
'2018-04-29 16:26:36','2018-04-29 17:40:20',4.026,6670,9,1,3
'2018-04-29 17:25:14','2018-04-29 20:09:00',8.838,20785,13,2,1
'2018-04-29 17:59:14','2018-04-29 19:28:25',10.047,20053,39,2,1
'2018-04-29 18:30:36','2018-04-29 21:46:26',13.595,6664,69,2,3
'2018-04-29 18:32:13','2018-04-29 20:00:53',8.13,143775,35,2,2
'2018-04-29 18:36:13','2018-04-29 21:52:17',11.632,20608,81,1,3
'2018-04-29 18:40:51','2018-04-29 18:46:58',0.644,12555,11,1,2
'2018-04-29 18:47:15','2018-04-29 23:08:23',28.647,166575,73,2,2
'2018-04-29 18:53:39','2018-04-29 21:28:55',13.919,73817,54,2,1
'2018-04-29 19:32:58','2018-04-29 21:20:21',11.826,21019,66,1,3
'2018-04-29 20:09:21','2018-04-29 20:45:59',3.99,329,31,1,2
'2018-04-29 20:26:33','2018-04-29 21:45:13',8.84,3968,47,1,1
'2018-04-29 20:27:25','2018-04-29 20:39:41',1.16,20531,14,2,1
'2018-04-29 21:02:34','2018-04-30 02:55:43',13.927,44239,81,1,2
'2018-04-29 21:22:44','2018-04-29 21:40:12',1.909,6670,36,2,3
'2018-04-29 21:28:04','2018-04-29 23:56:26',13.904,184,56,2,1
'2018-04-29 21:47:40','2018-04-29 23:34:19',4.767,24727,62,2,3
'2018-04-29 22:00:37','2018-04-29 22:41:55',2.303,21058,34,1,3
'2018-04-29 22:40:54','2018-04-30 02:48:53',25.761,20588,88,1,3
'2018-04-29 23:10:58','2018-04-30 02:27:51',2.684,6951,45,2,1
'2018-04-29 23:44:39','2018-04-30 03:31:34',13.076,15689,22,1,2
'2018-04-29 23:53:59','2018-04-30 00:26:17',3.504,21064,34,1,2
'2018-04-30 00:32:15','2018-04-30 04:32:53',13.91,20764,1,2,1
'2018-04-30 00:32:40','2018-04-30 01:18:48',2.552,12601,64,1,3
'2018-04-30 00:40:53','2018-04-30 02:53:19',13.853,6664,85,2,1
'2018-04-30 00:52:53','2018-04-30 01:40:49',1.544,20412,9,1,3
'2018-04-30 02:19:40','2018-04-30 02:54:47',3.811,20294,9,1,1
'2018-04-30 03:42:53','2018-04-30 06:41:15',10.44,20407,50,1,3
'2018-04-30 06:56:41','2018-04-30 12:32:58',13.016,318,50,1,3
'2018-04-30 13:21:35','2018-04-30 14:22:43',3.51,146500,68,1,2
'2018-04-30 13:55:57','2018-04-30 15:52:03',10.083,20616,37,2,2
'2018-04-30 14:56:42','2018-04-30 18:05:58',10.81,166575,27,2,3
'2018-04-30 15:04:34','2018-04-30 17:03:22',6.249,21022,89,2,2
'2018-04-30 15:07:26','2018-04-30 18:36:25',16.386,20650,13,2,2
'2018-04-30 15:07:49','2018-05-01 00:27:51',47.808,20597,53,1,1
'2018-04-30 15:13:47','2018-04-30 16:14:44',3.566,12604,5,1,3
'2018-04-30 15:13:48','2018-04-30 16:58:47',5.326,20413,32,1,2
'2018-04-30 15:14:18','2018-04-30 16:15:37',1.948,330,33,2,3
'2018-04-30 15:26:12','2018-04-30 17:01:46',6.962,20608,85,2,3
'2018-04-30 15:32:40','2018-04-30 19:03:10',4.761,44239,91,2,1
'2018-04-30 15:34:27','2018-04-30 17:34:42',4.451,287,43,2,2
'2018-04-30 15:36:43','2018-04-30 18:06:04',5.494,20623,39,1,1
'2018-04-30 15:38:58','2018-04-30 17:12:37',5.453,6776,39,2,2
'2018-04-30 15:47:29','2018-04-30 17:46:33',6.124,127818,41,1,2
'2018-04-30 15:47:36','2018-05-01 00:31:53',2.69,12628,35,2,2
'2018-04-30 15:59:08','2018-04-30 19:33:22',10.51,21120,6,1,3
'2018-04-30 16:00:56','2018-04-30 17:20:19',2.575,312,47,2,2
'2018-04-30 16:06:02','2018-04-30 20:07:32',8.189,20999,74,1,1
'2018-04-30 16:09:14','2018-04-30 17:52:46',5.206,253379,14,2,2
'2018-04-30 16:31:30','2018-04-30 22:48:05',12.332,232177,36,1,3
'2018-04-30 16:44:10','2018-05-01 01:20:21',15.947,3324,40,1,1
'2018-04-30 16:51:36','2018-04-30 18:25:41',3.354,21014,33,1,1
'2018-04-30 17:25:34','2018-04-30 19:56:41',14.355,3415,81,1,1
'2018-04-30 17:30:28','2018-04-30 20:41:55',20.865,6668,6,2,2
'2018-04-30 17:33:01','2018-05-01 00:35:16',8.331,16161,23,1,3
'2018-04-30 17:42:24','2018-04-30 18:43:40',1.93,20558,9,2,3
'2018-04-30 17:52:21','2018-04-30 23:39:51',15.629,20678,85,2,2
'2018-04-30 18:45:38','2018-04-30 18:46:27',0.586,109090,38,1,3
'2018-04-30 19:02:14','2018-05-01 01:57:39',2.554,133928,40,1,1
'2018-04-30 19:37:54','2018-04-30 21:44:15',6.878,20552,66,1,1
'2018-04-30 19:53:33','2018-04-30 20:40:58',1.308,146500,85,1,3
'2018-04-30 20:29:50','2018-04-30 23:41:08',8.494,328,41,2,3
'2018-04-30 20:50:42','2018-04-30 21:20:42',0.923,20785,17,1,2
'2018-04-30 21:06:42','2018-05-01 01:21:00',13.975,20053,58,2,2
'2018-04-30 21:10:09','2018-04-30 22:00:15',2.334,91283,49,2,3
'2018-04-30 21:18:08','2018-04-30 22:15:22',4.14,20101,69,1,1
'2018-04-30 22:32:52','2018-04-30 23:09:03',1.813,21011,38,1,3
'2018-04-30 22:41:33','2018-04-30 23:19:07',1.842,20004,81,2,3
'2018-04-30 23:19:28','2018-05-01 00:56:23',4.824,281,59,1,2
'2018-05-01 00:31:56','2018-05-01 02:10:50',5.777,21041,35,1,3
'2018-05-01 00:43:31','2018-05-01 04:21:02',12.846,15627,80,2,1
'2018-05-01 01:00:22','2018-05-01 06:11:29',13.932,3415,79,2,3
'2018-05-01 01:14:27','2018-05-01 01:22:27',0.801,190,25,2,2
'2018-05-01 01:27:39','2018-05-01 01:45:30',1.868,20785,12,1,1
'2018-05-01 01:31:03','2018-05-01 02:09:33',1.851,86,16,1,2
'2018-05-01 01:35:22','2018-05-01 03:11:47',10.868,20001,31,2,2
'2018-05-01 01:48:07','2018-05-01 03:16:46',9.055,21011,38,2,3
'2018-05-01 02:10:29','2018-05-01 03:21:05',7.06,20673,13,1,2
'2018-05-01 03:08:47','2018-05-01 05:08:54',6.505,3324,64,2,3
'2018-05-01 04:55:59','2018-05-01 19:32:11',23.007,334,15,2,3
'2018-05-01 05:44:03','2018-05-01 15:24:27',13.91,15627,47,1,2
'2018-05-01 13:23:18','2018-05-01 17:17:07',13.41,166575,72,2,2
'2018-05-01 13:54:34','2018-05-01 15:35:39',8.618,15689,49,2,1
'2018-05-01 14:46:04','2018-05-01 23:57:02',13.969,6664,31,1,3
'2018-05-01 14:56:29','2018-05-01 16:07:56',6.914,20382,4,2,3
'2018-05-01 15:14:50','2018-05-01 20:18:12',13.785,20623,52,1,2
'2018-05-01 15:21:17','2018-05-01 15:34:52',0.618,282,65,1,3
'2018-05-01 15:21:34','2018-05-01 18:25:43',14.112,20294,36,2,2
'2018-05-01 15:21:52','2018-05-02 01:27:12',1.051,3323,38,1,3
'2018-05-01 15:22:40','2018-05-01 17:20:52',6.102,109090,33,1,1
'2018-05-01 15:28:52','2018-05-01 18:16:47',8.063,3415,27,1,1
'2018-05-01 15:35:21','2018-05-01 16:42:38',2.854,21022,89,2,1
'2018-05-01 15:40:10','2018-05-01 18:02:25',4.987,20573,79,1,1
'2018-05-01 15:40:44','2018-05-01 17:25:25',4.56,20597,8,2,2
'2018-05-01 15:41:08','2018-05-01 17:22:55',3.562,333,56,1,1
'2018-05-01 15:41:44','2018-05-01 17:26:59',3.371,12628,47,1,1
'2018-05-01 16:00:33','2018-05-01 18:59:54',8.657,3415,41,1,3
'2018-05-01 16:02:22','2018-05-01 17:07:42',3.058,20588,28,1,2
'2018-05-01 16:09:03','2018-05-01 23:39:31',24.716,20650,19,2,1
'2018-05-01 16:10:59','2018-05-01 23:16:42',21.525,180674,44,1,2
'2018-05-01 16:18:17','2018-05-01 17:51:41',2.597,6668,66,2,1
'2018-05-01 16:18:54','2018-05-02 00:26:07',28.691,20600,76,2,2
'2018-05-01 16:20:24','2018-05-01 18:58:36',7.899,20558,37,2,2
'2018-05-01 16:25:35','2018-05-01 19:22:58',6.91,20608,45,2,1
'2018-05-01 16:36:38','2018-05-01 20:39:46',10.386,16134,22,1,3
'2018-05-01 16:52:54','2018-05-01 19:11:06',7.799,312,42,1,1
'2018-05-01 16:58:54','2018-05-01 23:54:46',11.304,292,32,1,3
'2018-05-01 17:09:09','2018-05-01 18:46:19',1.943,12498,1,1,2
'2018-05-01 17:11:32','2018-05-01 20:09:58',7.053,20597,71,2,1
'2018-05-01 17:28:59','2018-05-01 23:42:19',10.43,166575,25,2,2
'2018-05-01 17:47:29','2018-05-01 20:06:13',12.588,3415,84,2,1
'2018-05-01 17:51:44','2018-05-01 22:51:27',12.411,334,45,2,3
'2018-05-01 18:01:21','2018-05-01 19:42:05',2.162,20588,3,2,2
'2018-05-01 18:17:12','2018-05-01 21:45:20',9.742,127818,38,1,3
'2018-05-01 19:33:50','2018-05-01 22:40:44',9.951,6951,19,1,3
'2018-05-01 19:41:01','2018-05-01 22:00:15',6.671,232177,51,2,3
'2018-05-01 20:07:55','2018-05-02 02:52:20',2.616,21046,45,1,2
'2018-05-01 20:12:26','2018-05-01 22:19:38',6.494,20377,30,2,3
'2018-05-01 20:27:35','2018-05-01 20:58:34',1.374,20616,30,1,3
'2018-05-01 23:12:11','2018-05-02 01:31:21',6.661,277,34,2,3
'2018-05-02 00:06:47','2018-05-02 01:01:13',2.406,6758,74,2,2
'2018-05-02 00:42:36','2018-05-02 00:58:44',1.117,6666,57,2,2
'2018-05-02 01:46:00','2018-05-02 12:19:39',13.95,146500,33,1,1
'2018-05-02 01:49:08','2018-05-02 02:56:31',6.685,6758,87,2,1
'2018-05-02 01:57:30','2018-05-02 06:40:11',16.344,133928,12,2,2
'2018-05-02 02:02:40','2018-05-02 02:46:55',4.662,21058,62,2,1
'2018-05-02 02:21:35','2018-05-02 05:46:14',13.869,20552,68,1,1
'2018-05-02 02:43:08','2018-05-02 15:09:55',16.084,21094,37,1,1
'2018-05-02 02:51:35','2018-05-02 04:11:50',2.563,73441,55,2,2
'2018-05-02 03:05:26','2018-05-02 05:08:35',6.457,143775,58,2,3
'2018-05-02 03:12:17','2018-05-02 07:13:30',10.205,20445,28,2,3
'2018-05-02 04:06:37','2018-05-02 05:15:58',7.9,26375,23,1,2
'2018-05-02 04:56:29','2018-05-02 14:03:42',13.828,20514,52,1,3
'2018-05-02 13:25:56','2018-05-02 14:36:35',4.053,3323,68,2,1
'2018-05-02 13:57:22','2018-05-02 14:28:53',3.216,180674,10,1,1
'2018-05-02 14:21:46','2018-05-02 18:09:08',11.507,20053,70,1,1
'2018-05-02 14:36:15','2018-05-03 00:49:02',13.985,20407,4,1,2
'2018-05-02 14:36:28','2018-05-02 18:27:36',10.541,324,16,2,2
'2018-05-02 14:46:19','2018-05-02 23:09:19',9.289,86,62,1,3
'2018-05-02 14:59:42','2018-05-03 00:02:37',7.312,253379,62,2,3
'2018-05-02 15:00:55','2018-05-02 16:08:19',2.713,20660,70,1,3
'2018-05-02 15:14:06','2018-05-02 19:30:19',11.865,20375,91,2,1
'2018-05-02 15:15:17','2018-05-02 18:13:40',11.489,176880,36,1,3
'2018-05-02 15:16:00','2018-05-02 23:15:10',13.91,75111,4,1,1
'2018-05-02 15:17:10','2018-05-02 23:22:47',19.163,127818,82,2,2
'2018-05-02 15:17:31','2018-05-02 17:00:29',3.187,314,71,1,2
'2018-05-02 15:20:55','2018-05-02 18:03:35',6.473,287,43,1,1
'2018-05-02 15:25:55','2018-05-02 22:51:07',15.288,277,8,1,2
'2018-05-02 15:28:36','2018-05-02 18:20:03',4.36,21094,9,1,1
'2018-05-02 15:30:35','2018-05-02 18:52:14',5.888,44239,19,2,2
'2018-05-02 15:32:25','2018-05-02 18:48:26',6.936,6663,37,1,3
'2018-05-02 15:41:48','2018-05-02 17:32:56',4.016,300,54,1,2
'2018-05-02 15:48:32','2018-05-02 18:26:50',6.2,75111,30,2,1
'2018-05-02 15:48:55','2018-05-02 17:43:08',4.563,6663,47,1,1
'2018-05-02 15:53:27','2018-05-02 23:52:59',18.201,15689,1,2,2
'2018-05-02 15:54:41','2018-05-02 17:26:51',3.647,15689,91,1,1
'2018-05-02 16:06:53','2018-05-03 00:44:23',11.027,109229,23,1,1
'2018-05-02 16:09:22','2018-05-02 18:37:45',4.426,21014,35,2,3
'2018-05-02 16:15:35','2018-05-02 18:10:16',7.198,166575,64,1,1
'2018-05-02 16:16:48','2018-05-03 00:42:29',9.641,21120,17,2,2
'2018-05-02 16:19:37','2018-05-02 18:51:35',4.995,6665,71,2,1
'2018-05-02 16:37:22','2018-05-02 21:15:38',9.043,21094,81,2,2
'2018-05-02 16:45:07','2018-05-03 00:17:55',4.994,86,8,2,1
'2018-05-02 16:57:51','2018-05-03 00:05:59',16.008,3327,64,1,1
'2018-05-02 17:08:47','2018-05-02 20:13:16',13.422,253379,81,2,1
'2018-05-02 18:23:25','2018-05-03 04:56:24',2.031,312,76,1,2
'2018-05-02 18:32:27','2018-05-02 21:08:57',3.145,16161,23,1,2
'2018-05-02 19:40:55','2018-05-02 23:19:17',9.664,20623,65,2,3
'2018-05-02 19:56:25','2018-05-02 22:05:16',3.86,21022,10,2,3
'2018-05-02 20:15:37','2018-05-03 01:21:56',11.344,20053,19,1,3
'2018-05-02 20:37:58','2018-05-02 22:17:21',4.801,24727,34,2,3
'2018-05-02 22:28:41','2018-05-02 23:23:18',1.58,20053,54,1,3
'2018-05-02 22:34:47','2018-05-03 03:34:38',30.8,285,80,1,2
'2018-05-02 23:13:02','2018-05-03 00:36:20',7.711,20999,13,2,1
'2018-05-02 23:19:18','2018-05-03 01:53:26',6.254,21058,20,1,2
'2018-05-02 23:20:15','2018-05-03 00:07:29',4.448,12498,44,2,2
'2018-05-02 23:29:05','2018-05-03 00:57:24',4.157,20436,51,1,1
'2018-05-03 00:17:01','2018-05-03 12:15:24',39.911,12555,42,2,3
'2018-05-03 01:01:32','2018-05-03 05:50:01',15.958,24727,28,1,2
'2018-05-03 01:06:47','2018-05-03 02:40:18',4.822,20377,45,2,2
'2018-05-03 01:33:43','2018-05-03 03:12:09',9.454,20764,7,1,1
'2018-05-03 01:34:01','2018-05-03 02:11:39',3.671,315,3,2,3
'2018-05-03 01:44:52','2018-05-03 03:09:00',9.251,91283,16,1,1
'2018-05-03 01:54:19','2018-05-03 03:25:21',9.259,311,36,1,2
'2018-05-03 02:18:21','2018-05-03 04:32:53',13.854,20413,57,2,1
'2018-05-03 02:32:41','2018-05-03 03:11:35',2.258,259,77,1,1
'2018-05-03 02:44:39','2018-05-03 06:21:54',12.398,3415,50,1,2
'2018-05-03 03:52:21','2018-05-03 05:10:49',8.869,332,47,2,1
'2018-05-03 04:04:07','2018-05-03 05:52:35',10.684,6776,58,2,3
'2018-05-03 04:23:04','2018-05-03 06:30:12',6.687,334,19,2,2
'2018-05-03 11:35:54','2018-05-03 11:42:55',0.756,20514,79,1,1
'2018-05-03 11:47:45','2018-05-03 15:24:25',11.656,20552,39,2,1
'2018-05-03 13:09:55','2018-05-03 18:04:18',13.503,12604,26,2,1
'2018-05-03 13:45:24','2018-05-03 15:14:08',7.508,259,37,1,1
'2018-05-03 14:18:02','2018-05-03 20:54:33',17.011,143775,52,2,2
'2018-05-03 14:23:41','2018-05-03 22:57:59',7.212,21046,47,2,2
'2018-05-03 14:32:00','2018-05-03 21:11:03',13.216,285,37,1,2
'2018-05-03 14:54:02','2018-05-03 19:19:23',8.884,3991,64,2,2
'2018-05-03 14:57:22','2018-05-03 20:08:02',13.173,20321,27,1,2
'2018-05-03 15:06:33','2018-05-03 15:49:09',4.657,133928,88,2,1
'2018-05-03 15:09:24','2018-05-03 16:59:32',3.469,21011,26,1,2
'2018-05-03 15:11:49','2018-05-03 22:39:32',9.475,300,75,2,1
'2018-05-03 15:13:35','2018-05-03 17:30:39',11.46,328,55,1,1
'2018-05-03 15:14:10','2018-05-03 17:05:31',5.822,52475,5,1,2
'2018-05-03 15:19:40','2018-05-03 18:08:37',7.489,16161,39,1,3
'2018-05-03 15:20:39','2018-05-03 22:48:13',7.212,20436,69,2,1
'2018-05-03 15:21:18','2018-05-03 18:24:05',4.946,21094,12,2,3
'2018-05-03 15:22:22','2018-05-03 22:42:57',5.938,92122,89,2,1
'2018-05-03 15:23:20','2018-05-03 17:43:33',3.289,3323,53,2,1
'2018-05-03 15:27:21','2018-05-03 17:02:06',2.638,21022,70,1,3
'2018-05-03 15:30:31','2018-05-03 18:46:22',5.434,91283,77,1,2
'2018-05-03 15:32:53','2018-05-03 15:49:35',0.58,334,22,2,2
'2018-05-03 15:35:45','2018-05-04 00:43:25',12.818,91342,60,2,3
'2018-05-03 15:36:10','2018-05-03 15:59:26',0.807,21073,2,2,3
'2018-05-03 15:41:00','2018-05-03 19:17:59',4.956,21014,7,2,3
'2018-05-03 15:44:39','2018-05-03 17:15:19',2.128,20413,45,2,3
'2018-05-03 15:45:03','2018-05-03 18:46:57',3.723,21046,15,2,1
'2018-05-03 15:51:11','2018-05-04 01:21:16',11.489,92122,17,1,2
'2018-05-03 15:53:03','2018-05-04 00:46:39',4.753,312,90,1,1
'2018-05-03 16:00:20','2018-05-03 17:15:35',2.892,20673,59,1,3
'2018-05-03 16:02:46','2018-05-03 18:11:35',4.257,3991,58,2,3
'2018-05-03 16:04:19','2018-05-04 00:25:26',2.138,20436,64,1,1
'2018-05-03 16:10:24','2018-05-03 19:02:30',7.73,12604,22,2,1
'2018-05-03 16:11:50','2018-05-03 21:04:29',14.434,253379,82,2,3
'2018-05-03 16:15:00','2018-05-03 22:17:28',22.087,314,18,2,3
'2018-05-03 16:17:32','2018-05-03 23:11:14',8.7,26375,45,2,1
'2018-05-03 16:57:58','2018-05-03 20:45:32',7.493,143775,60,1,3
'2018-05-03 17:00:18','2018-05-03 20:54:07',4.763,330,62,2,2
'2018-05-03 17:11:34','2018-05-04 01:40:21',14.11,109090,36,1,3
'2018-05-03 17:13:40','2018-05-04 00:54:51',12.406,277,79,1,2
'2018-05-03 17:40:04','2018-05-03 19:01:32',2.034,133928,3,2,1
'2018-05-03 17:56:04','2018-05-03 23:16:10',5.949,282,72,2,2
'2018-05-03 18:42:12','2018-05-04 00:45:12',7.496,20377,76,2,3
'2018-05-03 19:24:51','2018-05-03 19:55:11',1.45,287,52,1,2
'2018-05-03 19:27:40','2018-05-04 01:11:39',10.153,146500,55,1,2
'2018-05-03 19:48:40','2018-05-03 23:05:42',6.912,91342,23,2,3
'2018-05-03 21:13:03','2018-05-03 23:32:49',6.689,21114,77,2,2
'2018-05-03 21:34:37','2018-05-04 02:05:17',10.286,190,66,1,1
'2018-05-03 22:11:13','2018-05-04 00:46:10',12.674,21073,83,1,1
'2018-05-03 22:16:02','2018-05-03 23:42:27',4.724,21058,30,1,1
'2018-05-03 22:22:31','2018-05-04 00:59:05',12.982,20577,84,2,3
'2018-05-03 23:24:50','2018-05-03 23:39:04',0.535,20608,13,2,3
'2018-05-03 23:53:25','2018-05-04 00:28:53',3.573,146500,70,1,2
'2018-05-04 00:06:17','2018-05-04 02:16:43',6.999,6663,18,2,1
'2018-05-04 00:29:16','2018-05-04 00:38:12',0.886,20646,29,2,1
'2018-05-04 00:52:20','2018-05-04 05:23:29',15.659,20600,24,2,3
'2018-05-04 00:54:28','2018-05-04 05:17:53',13.917,20678,56,1,1
'2018-05-04 01:21:31','2018-05-04 01:28:16',0.661,184,67,2,1
'2018-05-04 01:30:02','2018-05-04 03:23:35',12.014,20001,89,1,2
'2018-05-04 01:47:03','2018-05-04 02:40:42',3.356,6668,30,1,3
'2018-05-04 01:51:45','2018-05-04 03:33:33',10.121,190,6,1,3
'2018-05-04 02:51:36','2018-05-04 03:20:43',2.954,20616,22,1,2
'2018-05-04 03:01:32','2018-05-04 05:51:11',10.211,317,71,2,1
'2018-05-04 03:15:26','2018-05-04 04:47:11',7.978,15627,60,1,2
'2018-05-04 03:25:00','2018-05-04 05:32:41',6.577,52475,4,1,3
'2018-05-04 03:28:42','2018-05-04 05:21:40',6.156,6776,8,2,3
'2018-05-04 04:42:15','2018-05-04 14:26:04',13.991,16134,84,2,3
'2018-05-04 05:34:21','2018-05-04 06:20:35',4.684,6776,39,1,2
'2018-05-04 05:59:11','2018-05-04 21:42:22',14.019,285,40,2,3
'2018-05-04 11:46:40','2018-05-04 15:21:53',11.609,322,78,2,1
'2018-05-04 12:24:39','2018-05-04 12:50:30',2.98,33433,22,2,2
'2018-05-04 13:22:36','2018-05-04 13:36:07',1.511,3326,80,2,3
'2018-05-04 13:24:20','2018-05-04 14:37:46',4.177,12498,72,2,2
'2018-05-04 14:14:19','2018-05-04 15:15:04',2.73,6665,46,2,1
'2018-05-04 14:18:41','2018-05-05 00:10:26',9.845,317,29,1,3
'2018-05-04 14:37:36','2018-05-04 21:55:33',21.839,21094,64,1,1
'2018-05-04 14:39:05','2018-05-05 00:06:08',14.034,20303,53,1,2
'2018-05-04 14:47:33','2018-05-04 17:21:22',4.048,21014,37,2,2
'2018-05-04 14:57:21','2018-05-04 17:36:20',14.928,259,48,2,2
'2018-05-04 15:01:50','2018-05-04 16:15:47',3.561,26375,5,1,3
'2018-05-04 15:09:15','2018-05-04 18:06:27',8.478,3323,83,1,2
'2018-05-04 15:15:18','2018-05-04 16:50:19',8.321,3415,55,2,3
'2018-05-04 15:16:52','2018-05-04 19:22:37',6.445,21041,58,1,2
'2018-05-04 15:20:04','2018-05-05 02:20:23',13.948,20577,53,1,3
'2018-05-04 15:20:28','2018-05-04 19:59:59',9.981,86,23,1,3
'2018-05-04 15:26:01','2018-05-04 16:34:54',3.173,324,43,2,3
'2018-05-04 15:26:36','2018-05-04 18:38:18',5.245,333,23,1,3
'2018-05-04 15:27:21','2018-05-05 00:59:17',13.946,190,34,2,3
'2018-05-04 15:35:06','2018-05-04 22:47:19',16.157,6665,45,2,3
'2018-05-04 15:39:09','2018-05-04 20:30:34',8.714,20552,72,2,2
'2018-05-04 15:40:00','2018-05-04 23:38:29',5.19,20597,19,2,3
'2018-05-04 15:42:05','2018-05-04 18:53:55',8.316,201,21,2,1
'2018-05-04 15:48:45','2018-05-04 19:05:49',1.086,6768,37,1,2
'2018-05-04 15:51:23','2018-05-04 21:26:54',25.556,3323,10,1,1
'2018-05-04 15:52:28','2018-05-05 01:15:11',16.328,21058,24,1,2
'2018-05-04 15:57:33','2018-05-04 19:46:08',7.515,3991,87,1,2
'2018-05-04 16:05:44','2018-05-04 18:49:10',4.657,232177,33,1,2
'2018-05-04 16:08:57','2018-05-04 22:46:53',7.305,329,7,1,2
'2018-05-04 16:14:28','2018-05-04 20:53:11',8.212,127818,60,1,2
'2018-05-04 16:17:20','2018-05-04 23:21:02',35.982,20053,55,1,2
'2018-05-04 16:19:46','2018-05-04 18:04:27',2.657,3991,40,1,2
'2018-05-04 16:19:49','2018-05-04 17:18:59',1.212,166575,47,1,3
'2018-05-04 16:25:04','2018-05-04 21:12:42',6.341,22503,16,1,1
'2018-05-04 16:31:03','2018-05-04 19:08:32',4.806,6668,48,2,3
'2018-05-04 16:42:40','2018-05-04 19:04:04',2.264,20558,50,2,2
'2018-05-04 16:55:31','2018-05-05 01:46:23',11.539,287,3,2,2
'2018-05-04 17:17:27','2018-05-04 18:37:11',2.588,201,62,1,3
'2018-05-04 17:28:13','2018-05-04 19:48:37',6.044,3323,11,1,3
'2018-05-04 17:35:49','2018-05-04 23:37:53',7.637,259,16,1,3
'2018-05-04 17:54:33','2018-05-04 21:47:27',6.94,20412,58,1,2
'2018-05-04 18:23:43','2018-05-04 23:44:21',9.183,20412,71,2,3
'2018-05-04 18:51:46','2018-05-04 20:02:06',2.473,16134,88,1,3
'2018-05-04 19:04:58','2018-05-04 23:11:59',0.934,281,90,1,3
'2018-05-04 19:08:37','2018-05-04 19:07:40',0.552,180674,36,2,2
'2018-05-04 19:23:22','2018-05-04 23:28:25',14.889,15627,62,1,1
'2018-05-04 19:23:52','2018-05-04 19:22:52',0.912,20650,72,1,1
'2018-05-04 19:49:27','2018-05-04 21:58:25',4.753,109090,86,1,3
'2018-05-04 20:37:06','2018-05-04 21:49:37',3.23,20577,10,1,3
'2018-05-04 21:00:56','2018-05-04 23:08:29',6.279,12555,37,2,2
'2018-05-04 23:09:09','2018-05-05 01:19:50',6.592,330,62,2,1
'2018-05-04 23:17:34','2018-05-05 00:28:44',4.823,16161,25,1,1
'2018-05-05 00:03:25','2018-05-05 02:15:33',7.01,20577,2,2,1
'2018-05-05 00:38:01','2018-05-05 03:43:18',18.703,20616,87,2,1
'2018-05-05 00:48:43','2018-05-05 02:08:54',2.568,20412,24,1,1
'2018-05-05 01:00:20','2018-05-05 02:02:52',3.774,73441,59,2,3
'2018-05-05 01:17:39','2018-05-05 05:36:08',28.545,6666,31,2,2
'2018-05-05 01:42:10','2018-05-05 04:13:48',13.922,331,30,2,3
'2018-05-05 02:02:07','2018-05-05 04:31:08',13.917,20303,12,1,3
'2018-05-05 02:31:38','2018-05-05 04:41:20',13.796,12498,52,2,3
'2018-05-05 02:33:10','2018-05-05 04:41:21',13.72,21022,59,2,1
'2018-05-05 02:47:48','2018-05-05 03:45:43',5.428,184,62,2,2
'2018-05-05 04:02:35','2018-05-05 04:30:06',2.835,20053,87,2,2
'2018-05-05 04:06:14','2018-05-05 13:06:41',39.878,73441,21,2,2
'2018-05-05 04:20:03','2018-05-05 09:13:21',16.507,12601,14,1,3
'2018-05-05 04:21:15','2018-05-05 12:01:20',39.842,3326,17,2,3
'2018-05-05 04:55:37','2018-05-05 05:25:38',1.112,6758,30,1,2
'2018-05-05 04:56:36','2018-05-05 18:26:51',6.607,322,7,2,2
'2018-05-05 05:49:03','2018-05-05 13:05:37',17.111,20531,6,2,3
'2018-05-05 06:01:40','2018-05-05 09:37:40',23.716,3324,61,1,1
'2018-05-05 11:40:28','2018-05-05 13:03:21',4.493,318,12,2,3
'2018-05-05 12:07:31','2018-05-05 12:39:42',3.74,20600,57,1,1
'2018-05-05 14:00:46','2018-05-05 14:39:14',4.01,127818,53,2,3
'2018-05-05 14:38:41','2018-05-05 18:02:05',13.912,20650,17,2,1
'2018-05-05 14:46:44','2018-05-05 17:07:44',15.022,12555,59,2,1
'2018-05-05 14:52:25','2018-05-05 16:00:39',3.847,324,80,2,2
'2018-05-05 15:03:42','2018-05-05 16:06:00',6.94,282,11,2,2
'2018-05-05 15:10:29','2018-05-05 16:05:39',5.982,12555,50,1,2
'2018-05-05 16:09:24','2018-05-05 20:05:02',21.967,21019,91,2,2
'2018-05-05 16:21:01','2018-05-05 16:34:36',1.344,20531,73,1,2
'2018-05-05 16:41:55','2018-05-05 18:30:41',12.381,232177,49,1,1
'2018-05-05 17:03:12','2018-05-05 18:10:54',3.599,12555,21,2,3
'2018-05-05 17:51:24','2018-05-05 23:33:15',37.49,20608,43,1,2
'2018-05-05 18:18:22','2018-05-06 01:23:15',33.013,21019,30,1,2
'2018-05-05 18:20:05','2018-05-05 23:09:12',15.737,3968,64,2,1
'2018-05-05 18:49:13','2018-05-05 22:56:24',13.91,15689,44,2,3
'2018-05-05 19:50:25','2018-05-05 20:29:02',2.14,180674,26,2,3
'2018-05-05 20:11:15','2018-05-05 21:49:46',10.737,3415,52,2,2
'2018-05-05 20:16:38','2018-05-05 21:10:49',5.884,259,86,2,2
'2018-05-05 20:34:37','2018-05-05 22:43:05',7.102,201,27,1,3
'2018-05-05 21:01:18','2018-05-05 22:21:09',6.983,20004,38,2,3
'2018-05-05 21:43:03','2018-05-06 04:14:14',41.913,20436,65,1,3
'2018-05-05 22:01:52','2018-05-05 23:21:56',4.529,6666,69,1,2
'2018-05-05 22:38:34','2018-05-06 00:19:54',10.472,12628,70,2,3
'2018-05-05 22:43:36','2018-05-06 00:12:08',9.672,20673,10,2,3
'2018-05-06 00:56:24','2018-05-06 03:03:22',12.903,20552,36,2,2
'2018-05-06 01:20:26','2018-05-07 03:38:56',6.9,21114,28,2,3
'2018-05-06 01:59:42','2018-05-06 05:00:28',10.879,3968,54,2,1
'2018-05-06 02:06:49','2018-05-06 02:27:31',2.302,324,45,2,1
'2018-05-06 02:17:22','2018-05-06 05:03:35',13.919,6670,51,1,3
'2018-05-06 03:17:25','2018-05-06 04:28:12',8.065,3415,49,2,2
'2018-05-06 04:24:59','2018-05-06 06:40:20',7.364,176880,63,2,3
'2018-05-06 05:38:57','2018-05-06 14:29:49',13.967,20785,37,1,2
'2018-05-06 05:47:24','2018-05-06 05:53:58',0.69,6670,64,2,1
'2018-05-06 08:49:59','2018-05-06 16:47:39',13.909,20650,78,1,1
'2018-05-06 09:14:12','2018-05-06 13:05:53',13.729,22503,12,1,1
'2018-05-06 15:45:44','2018-05-06 17:40:32',6.814,20785,37,1,1
'2018-05-06 16:13:05','2018-05-06 19:51:11',24.198,6951,21,2,2
'2018-05-06 16:24:55','2018-05-06 18:54:24',13.917,190,2,1,1
'2018-05-06 16:41:52','2018-05-06 18:17:31',4.961,20294,50,1,2
'2018-05-06 17:04:11','2018-05-06 21:03:44',13.902,133929,11,1,3
'2018-05-06 18:59:01','2018-05-06 19:16:25',1.87,21057,55,1,1
'2018-05-06 19:44:52','2018-05-06 20:17:02',3.517,26375,70,2,3
'2018-05-06 20:24:02','2018-05-06 20:40:50',1.831,75111,87,2,3
'2018-05-06 21:07:48','2018-05-06 21:29:36',2.373,20785,42,2,2
'2018-05-06 22:05:33','2018-05-06 23:50:38',10.605,176880,35,1,2
'2018-05-06 22:47:29','2018-05-07 00:38:36',6.014,6758,53,2,1
'2018-05-06 23:49:23','2018-05-07 00:48:06',6.516,20531,77,2,1
'2018-05-07 00:18:19','2018-05-07 02:38:16',13.896,6668,30,2,2
'2018-05-07 00:42:11','2018-05-07 05:42:35',17.012,20375,32,1,1
'2018-05-07 00:43:25','2018-05-07 04:19:23',12.847,6663,4,1,3
'2018-05-07 01:06:42','2018-05-07 04:10:00',10.671,6665,72,1,3
'2018-05-07 01:15:13','2018-05-07 03:41:01',13.882,329,24,2,3
'2018-05-07 01:29:10','2018-05-07 02:48:10',8.849,6664,66,2,2
'2018-05-07 01:34:27','2018-05-07 01:52:18',1.93,20004,65,1,3
'2018-05-07 01:55:48','2018-05-07 03:59:31',7.091,127818,60,2,3
'2018-05-07 02:08:39','2018-05-07 04:29:10',16.038,3324,48,1,1
'2018-05-07 02:11:45','2018-05-07 04:35:07',13.899,3991,55,1,2
'2018-05-07 03:27:59','2018-05-07 15:50:36',14.352,26375,72,1,3
'2018-05-07 06:27:32','2018-05-07 07:04:23',4.109,3968,91,1,1
'2018-05-07 11:51:16','2018-05-07 20:49:58',16.713,21064,37,2,2
'2018-05-07 11:53:10','2018-05-08 05:48:09',15.545,253379,6,2,3
'2018-05-07 13:18:55','2018-05-07 14:27:57',3.768,317,85,2,2
'2018-05-07 14:13:13','2018-05-07 15:50:29',14.158,312,9,2,3
'2018-05-07 14:13:14','2018-05-07 15:00:22',1.647,329,30,1,1
'2018-05-07 14:38:18','2018-05-08 01:14:53',27.683,6951,2,1,3
'2018-05-07 14:47:57','2018-05-07 22:48:35',23.572,20321,83,1,1
'2018-05-07 14:54:36','2018-05-07 23:48:29',9.091,109090,57,1,1
'2018-05-07 14:54:44','2018-05-07 15:50:36',2.814,3324,85,1,3
'2018-05-07 14:55:41','2018-05-07 15:50:36',9.455,20375,31,2,3
'2018-05-07 15:04:07','2018-05-07 21:46:15',12.147,332,75,2,1
'2018-05-07 15:07:33','2018-05-08 00:42:13',17.31,20588,2,1,2
'2018-05-07 15:10:45','2018-05-07 23:11:08',13.794,143775,5,1,1
'2018-05-07 15:14:22','2018-05-07 15:50:36',5.239,317,48,2,1
'2018-05-07 15:15:54','2018-05-07 15:42:17',0.865,20600,32,2,3
'2018-05-07 15:18:08','2018-05-07 23:18:21',4.898,20413,87,1,1
'2018-05-07 15:19:17','2018-05-07 15:50:35',1.761,314,5,1,3
'2018-05-07 15:20:26','2018-05-07 23:20:09',8.413,21046,5,2,3
'2018-05-07 15:21:18','2018-05-07 23:32:45',46.331,3323,21,1,2
'2018-05-07 15:23:22','2018-05-07 22:37:54',9.486,330,27,2,3
'2018-05-07 15:25:51','2018-05-07 22:29:28',6.85,3415,19,2,2
'2018-05-07 15:29:00','2018-05-07 22:37:57',5.372,277,34,1,2
'2018-05-07 15:32:08','2018-05-07 23:48:16',20.437,6668,6,1,3
'2018-05-07 15:36:20','2018-05-07 22:01:08',3.579,91283,28,1,3
'2018-05-07 15:45:25','2018-05-08 00:18:04',11.887,20053,76,1,3
'2018-05-07 15:45:29','2018-05-07 15:50:27',10.273,232177,29,2,3
'2018-05-07 15:50:29','2018-05-07 22:58:33',6.408,232177,22,1,1
'2018-05-07 20:47:49','2018-05-07 20:47:49',3.87,20053,59,2,2
'2018-05-07 20:47:49','2018-05-07 22:24:56',7.642,108814,69,1,2
'2018-05-07 20:47:50','2018-05-08 00:22:05',2.536,20999,87,1,1
'2018-05-07 20:47:50','2018-05-08 00:50:24',14.295,20407,78,2,1
'2018-05-07 20:47:50','2018-05-07 21:49:28',1.585,6669,37,1,1
'2018-05-07 20:47:51','2018-05-07 20:47:50',14.967,6669,77,2,2
'2018-05-07 20:47:52','2018-05-07 20:55:02',2.42,20588,38,1,1
'2018-05-07 20:47:54','2018-05-07 22:45:58',8.984,312,69,2,2
'2018-05-07 20:47:55','2018-05-08 00:58:55',13.932,108814,9,1,2
'2018-05-07 20:47:55','2018-05-07 20:47:55',2.628,3991,17,2,3
'2018-05-07 20:48:28','2018-05-08 00:12:20',12.484,292,35,1,3
'2018-05-07 20:51:08','2018-05-07 21:42:09',1.016,3415,85,1,3
'2018-05-07 20:54:07','2018-05-07 21:58:50',1.539,108814,15,2,1
'2018-05-07 20:59:28','2018-05-07 22:46:08',3.065,20436,48,1,2
'2018-05-07 21:43:40','2018-05-07 22:42:38',1.376,300,75,1,1
'2018-05-07 23:00:14','2018-05-08 02:03:24',18.754,20646,15,2,1
'2018-05-08 00:09:43','2018-05-08 02:04:19',6.399,21019,19,2,2
'2018-05-08 00:25:33','2018-05-08 11:51:25',13.968,318,27,2,1
'2018-05-08 00:52:16','2018-05-08 03:29:18',13.919,20623,71,2,2
'2018-05-08 00:58:04','2018-05-08 01:21:30',1.895,20445,70,1,1
'2018-05-08 01:13:08','2018-05-08 02:14:40',6.161,6666,17,1,3
'2018-05-08 01:17:07','2018-05-08 03:27:17',7.027,86,82,2,1
'2018-05-08 01:18:50','2018-05-08 01:27:18',0.823,75111,78,1,1
'2018-05-08 01:44:55','2018-05-08 03:31:20',11.965,20999,6,1,3
'2018-05-08 01:46:42','2018-05-08 03:44:39',13.217,20445,16,1,1
'2018-05-08 02:24:06','2018-05-08 05:32:55',10.405,15627,19,2,1
'2018-05-08 03:25:28','2018-05-08 05:20:59',12.924,21120,36,2,3
'2018-05-08 03:54:23','2018-05-08 07:26:47',22.734,3968,61,1,2
'2018-05-08 03:54:59','2018-05-08 05:58:43',6.71,52475,16,1,2
'2018-05-08 04:20:11','2018-05-08 09:06:04',16.106,20375,61,1,2
'2018-05-08 04:24:28','2018-05-08 06:41:44',11.505,20413,81,2,1
'2018-05-08 04:51:06','2018-05-08 07:46:03',15.448,315,88,1,2
'2018-05-08 05:19:35','2018-05-08 06:31:26',8.163,75111,58,2,3
'2018-05-08 05:35:38','2018-05-08 15:03:56',13.938,6669,34,1,1
'2018-05-08 05:49:04','2018-05-08 08:30:49',9.365,281,71,1,2
'2018-05-08 11:54:27','2018-05-08 13:44:19',6.502,20004,20,2,2
'2018-05-08 11:56:06','2018-05-08 15:31:23',11.5,21011,26,2,1
'2018-05-08 13:21:20','2018-05-08 14:31:08',3.909,91342,37,1,3
'2018-05-08 13:49:49','2018-05-08 16:58:15',14.997,20608,6,2,2
'2018-05-08 14:04:48','2018-05-08 19:08:38',13.974,20436,62,1,2
'2018-05-08 14:12:18','2018-05-08 17:08:48',11.985,21057,1,2,1
'2018-05-08 14:12:21','2018-05-08 15:15:08',2.697,282,86,2,1
'2018-05-08 14:24:48','2018-05-08 17:16:33',9.628,180674,50,1,1
'2018-05-08 14:35:46','2018-05-09 00:09:59',12.557,20552,27,2,3
'2018-05-08 14:52:31','2018-05-08 16:44:18',6.706,21058,28,1,3
'2018-05-08 14:55:11','2018-05-08 19:44:22',12.123,3326,16,2,2
'2018-05-08 15:08:57','2018-05-09 01:25:39',8.214,287,16,1,3
'2018-05-08 15:08:59','2018-05-08 19:53:22',10.534,190,60,1,1
'2018-05-08 15:10:01','2018-05-08 16:03:40',2.421,184,68,2,1
'2018-05-08 15:20:15','2018-05-08 20:37:02',3.859,20436,42,2,3
'2018-05-08 15:32:55','2018-05-08 21:21:13',13.986,190,75,1,1
'2018-05-08 15:34:56','2018-05-09 00:48:41',2.069,3991,46,2,3
'2018-05-08 15:36:21','2018-05-09 00:43:22',10.098,6758,73,1,2
'2018-05-08 15:40:03','2018-05-08 18:09:41',5.396,285,45,1,3
'2018-05-08 15:41:58','2018-05-08 16:35:37',1.713,21094,12,2,2
'2018-05-08 15:42:14','2018-05-08 19:37:49',10.201,20678,82,2,2
'2018-05-08 15:43:46','2018-05-08 19:25:30',1.85,133929,53,2,1
'2018-05-08 15:45:31','2018-05-08 16:35:30',1.913,21014,53,1,2
'2018-05-08 15:46:00','2018-05-08 21:07:42',8.51,20445,26,2,2
'2018-05-08 15:52:34','2018-05-08 18:03:46',6.313,6670,37,2,2
'2018-05-08 16:03:53','2018-05-08 22:44:07',3.943,20001,80,2,2
'2018-05-08 16:09:30','2018-05-08 18:03:38',3.826,12498,46,2,2
'2018-05-08 16:12:12','2018-05-08 20:58:45',6.655,24727,81,1,2
'2018-05-08 16:13:08','2018-05-09 04:48:26',14.199,92122,26,1,2
'2018-05-08 16:14:15','2018-05-08 22:49:41',17.318,109090,6,2,3
'2018-05-08 16:16:26','2018-05-08 17:42:12',2.503,6663,48,1,2
'2018-05-08 16:16:27','2018-05-08 18:57:19',7.759,6951,82,2,1
'2018-05-08 16:21:53','2018-05-08 19:03:27',6.33,109090,47,2,1
'2018-05-08 16:32:25','2018-05-08 22:44:23',6.491,6768,24,2,3
'2018-05-08 16:41:03','2018-05-08 17:53:14',1.831,20558,7,1,3
'2018-05-08 16:41:11','2018-05-08 20:37:02',16.053,285,23,2,3
'2018-05-08 16:55:22','2018-05-08 19:24:51',4.65,3324,5,2,1
'2018-05-08 16:59:40','2018-05-08 23:00:34',11.94,146500,57,1,1
'2018-05-08 17:02:34','2018-05-08 19:14:23',2.817,190,70,2,3
'2018-05-08 19:28:29','2018-05-08 19:42:00',0.694,166575,45,1,2
'2018-05-08 19:44:27','2018-05-08 22:51:01',7.172,20001,5,2,1
'2018-05-08 19:53:10','2018-05-08 22:00:50',6.757,15689,58,1,3
'2018-05-08 20:02:04','2018-05-08 22:45:13',7.149,329,19,1,2
'2018-05-08 20:06:38','2018-05-09 00:21:31',2.556,20412,1,2,1
'2018-05-08 20:46:51','2018-05-09 00:01:01',4.126,20321,13,2,3
'2018-05-08 22:28:19','2018-05-09 00:36:34',12.469,20644,79,1,2
'2018-05-08 22:44:58','2018-05-09 01:09:11',13.892,20445,1,2,1
'2018-05-08 22:58:29','2018-05-09 01:08:40',6.794,20514,64,1,3
'2018-05-08 23:25:14','2018-05-09 03:21:28',13.672,133928,51,1,3
'2018-05-09 00:22:54','2018-05-09 05:15:29',16.549,86,16,2,1
'2018-05-09 00:29:39','2018-05-09 01:46:45',2.494,6666,45,2,3
'2018-05-09 00:39:23','2018-05-09 01:09:27',2.918,20558,33,1,1
'2018-05-09 01:23:31','2018-05-09 05:07:22',13.114,20531,55,1,3
'2018-05-09 01:25:58','2018-05-09 04:52:00',12.037,20999,61,2,1
'2018-05-09 01:37:24','2018-05-09 03:47:38',6.791,20678,76,2,3
'2018-05-09 01:50:51','2018-05-09 02:55:44',6.562,3968,13,2,3
'2018-05-09 02:04:49','2018-05-09 02:24:31',1.986,180674,78,1,3
'2018-05-09 03:14:17','2018-05-09 04:34:09',9.014,20785,60,2,2
'2018-05-09 03:37:44','2018-05-09 05:41:55',6.575,91342,22,1,2
'2018-05-09 06:12:49','2018-05-09 12:29:48',13.914,184,39,2,1
'2018-05-09 11:47:49','2018-05-09 20:00:57',11.613,20436,84,2,3
'2018-05-09 12:18:17','2018-05-09 12:45:12',3.075,6776,67,2,2
'2018-05-09 13:23:15','2018-05-09 14:24:39',3.509,20053,73,1,2
'2018-05-09 13:56:10','2018-05-09 16:50:01',9.892,6666,88,1,2
'2018-05-09 14:16:05','2018-05-09 15:17:11',2.59,21064,35,1,1
'2018-05-09 14:17:17','2018-05-09 16:23:46',7.081,184,81,2,1
'2018-05-09 14:24:33','2018-05-09 14:51:35',2.231,21073,52,2,3
'2018-05-09 14:36:05','2018-05-09 23:58:49',5.888,20999,50,2,2
'2018-05-09 14:52:38','2018-05-09 16:08:25',7.02,21114,32,2,2
'2018-05-09 15:02:28','2018-05-09 18:41:57',10.165,20321,14,1,1
'2018-05-09 15:05:59','2018-05-09 22:10:51',12.818,3326,45,2,3
'2018-05-09 15:07:44','2018-05-09 18:49:27',9.715,73441,90,2,2
'2018-05-09 15:21:40','2018-05-09 17:18:43',4.632,180674,70,1,2
'2018-05-09 15:25:52','2018-05-09 19:09:15',12.527,109090,62,2,2
'2018-05-09 15:25:55','2018-05-09 16:27:31',3.085,12498,62,2,1
'2018-05-09 15:28:31','2018-05-09 20:06:32',18.489,26375,10,1,1
'2018-05-09 15:29:40','2018-05-09 17:25:09',5.857,20999,82,2,3
'2018-05-09 15:30:53','2018-05-09 16:18:34',2.035,20650,19,2,1
'2018-05-09 15:33:24','2018-05-09 16:55:57',2.409,73817,83,1,1
'2018-05-09 15:39:51','2018-05-09 18:41:19',5.258,318,59,1,1
'2018-05-09 15:44:05','2018-05-09 23:18:30',9.439,15627,1,1,2
'2018-05-09 15:47:16','2018-05-09 16:20:27',4.663,12498,88,1,2
'2018-05-09 15:49:45','2018-05-10 00:04:11',14.034,20764,73,1,1
'2018-05-09 15:52:05','2018-05-09 16:53:02',1.714,166575,65,1,2
'2018-05-09 15:53:42','2018-05-09 21:38:30',26.328,6758,10,1,1
'2018-05-09 15:55:50','2018-05-09 20:16:32',10.567,109090,72,2,3
'2018-05-09 15:59:41','2018-05-09 19:43:13',6.706,109090,82,1,3
'2018-05-09 16:03:16','2018-05-09 18:29:39',4.156,20623,29,2,1
'2018-05-09 16:06:38','2018-05-09 20:49:02',10.286,201,22,2,1
'2018-05-09 16:15:11','2018-05-09 21:26:30',23.972,21073,41,2,2
'2018-05-09 16:15:46','2018-05-09 21:48:17',12.027,311,7,2,1
'2018-05-09 16:17:31','2018-05-10 00:16:31',21.302,330,25,2,3
'2018-05-09 16:23:45','2018-05-09 20:45:17',9.481,16161,17,2,2
'2018-05-09 16:38:44','2018-05-10 00:26:02',8.742,92122,84,2,1
'2018-05-09 16:40:45','2018-05-09 19:39:43',7.471,180674,58,2,1
'2018-05-09 16:50:27','2018-05-09 22:50:37',7.631,21120,58,2,1
'2018-05-09 16:55:35','2018-05-09 23:48:29',11.267,21022,70,1,3
'2018-05-09 19:03:37','2018-05-09 22:21:14',4.021,20650,52,1,3
'2018-05-09 19:17:31','2018-05-09 21:25:34',6.807,20407,84,1,3
'2018-05-09 19:35:38','2018-05-09 20:21:44',1.498,91342,75,2,2
'2018-05-09 19:54:32','2018-05-10 00:21:34',13.041,21041,52,2,3
'2018-05-09 20:17:56','2018-05-09 22:56:29',8.538,329,28,1,2
'2018-05-09 20:29:31','2018-05-09 22:25:18',4.457,3968,71,2,1
'2018-05-09 20:46:25','2018-05-09 21:58:00',2.999,314,8,2,1
'2018-05-09 20:49:14','2018-05-10 02:12:54',16.548,15689,50,1,3
'2018-05-09 20:57:12','2018-05-09 22:18:27',2.999,21041,27,1,1
'2018-05-09 21:01:59','2018-05-09 21:55:08',1.135,6664,26,2,1
'2018-05-09 22:31:06','2018-05-10 00:46:55',8.6,20623,81,2,1
'2018-05-09 23:04:49','2018-05-10 00:07:02',3.382,21011,71,1,1
'2018-05-09 23:20:36','2018-05-10 00:52:32',4.15,20407,70,2,2
'2018-05-09 23:53:42','2018-05-10 04:57:34',15.69,3324,46,1,2
'2018-05-10 00:03:07','2018-05-10 01:57:55',11.55,20644,57,1,1
'2018-05-10 00:15:46','2018-05-10 01:27:56',2.411,21064,82,2,3
'2018-05-10 00:22:45','2018-05-10 05:01:13',15.46,176880,36,2,1
'2018-05-10 01:02:35','2018-05-10 02:18:11',8.25,20294,20,2,3
'2018-05-10 01:12:42','2018-05-10 04:01:30',9.756,6768,33,1,3
'2018-05-10 01:37:52','2018-05-10 02:38:48',1.998,3323,18,2,1
'2018-05-10 01:47:53','2018-05-10 03:51:33',7.389,3991,11,2,3
'2018-05-10 01:49:54','2018-05-10 03:07:19',8.419,324,39,1,2
'2018-05-10 01:50:33','2018-05-10 02:45:31',5.397,6669,44,1,1
'2018-05-10 01:51:46','2018-05-10 15:12:46',4.388,20382,40,1,1
'2018-05-10 02:25:07','2018-05-10 04:13:20',10.744,3415,52,2,2
'2018-05-10 02:50:58','2018-05-10 07:58:12',16.145,73441,79,1,3
'2018-05-10 02:57:21','2018-05-10 03:43:47',4.668,20321,36,2,2
'2018-05-10 03:06:28','2018-05-10 04:23:02',3.965,20785,13,1,1
'2018-05-10 03:10:20','2018-05-10 03:57:01',2.813,20999,5,1,3
'2018-05-10 03:50:49','2018-05-10 05:13:37',2.549,292,41,1,2
'2018-05-10 04:48:59','2018-05-10 06:54:50',6.539,312,20,1,1
'2018-05-10 05:09:32','2018-05-10 11:30:20',41.918,3873,83,2,3
'2018-05-10 12:01:24','2018-05-10 21:15:57',11.529,12555,39,2,3
'2018-05-10 13:30:30','2018-05-10 17:49:43',14.403,322,38,2,2
'2018-05-10 14:11:58','2018-05-10 16:37:01',9.952,21041,26,2,2
'2018-05-10 14:45:56','2018-05-11 00:04:39',6.27,332,62,2,1
'2018-05-10 14:47:32','2018-05-10 17:22:12',7.851,20785,19,1,3
'2018-05-10 14:51:59','2018-05-11 00:39:28',9.206,73817,90,2,1
'2018-05-10 15:07:12','2018-05-10 23:11:23',17.463,91342,82,1,1
'2018-05-10 15:13:32','2018-05-10 15:57:24',3.702,92122,8,2,1
'2018-05-10 15:14:28','2018-05-10 16:43:39',8.612,20678,71,1,3
'2018-05-10 15:17:19','2018-05-10 18:08:59',6.091,12628,16,1,3
'2018-05-10 15:22:03','2018-05-10 17:18:57',6.814,300,78,2,3
'2018-05-10 15:25:55','2018-05-10 16:04:40',1.545,6758,35,2,1
'2018-05-10 15:27:50','2018-05-10 17:57:27',4.949,20673,61,1,2
'2018-05-10 15:30:35','2018-05-10 17:20:13',2.512,287,51,1,2
'2018-05-10 15:34:20','2018-05-10 17:34:51',5.863,20660,49,2,2
'2018-05-10 15:43:28','2018-05-10 20:36:00',9.871,333,15,2,1
'2018-05-10 15:46:25','2018-05-10 17:22:14',5.046,20600,21,2,2
'2018-05-10 15:52:45','2018-05-10 18:23:28',3.218,20531,71,2,1
'2018-05-10 15:53:18','2018-05-11 00:06:13',14.001,20552,46,1,1
'2018-05-10 15:53:19','2018-05-10 22:26:00',15.41,315,29,1,2
'2018-05-10 15:54:36','2018-05-10 18:32:21',13.018,20608,23,1,3
'2018-05-10 15:54:46','2018-05-10 17:04:34',2.028,20413,49,1,3
'2018-05-10 15:56:05','2018-05-10 21:12:38',11.901,133929,7,1,2
'2018-05-10 15:56:47','2018-05-10 19:09:28',4.396,20588,12,1,1
'2018-05-10 15:58:12','2018-05-10 19:23:34',9.583,300,40,1,3
'2018-05-10 16:01:40','2018-05-10 18:39:32',11.795,21120,49,2,1
'2018-05-10 16:21:41','2018-05-10 21:13:49',11.105,176880,23,2,2
'2018-05-10 16:24:59','2018-05-10 22:13:41',9.063,20616,80,2,1
'2018-05-10 16:39:26','2018-05-10 23:56:11',29.893,20597,47,1,1
'2018-05-10 16:49:03','2018-05-10 18:27:25',1.974,312,16,1,1
'2018-05-10 17:05:25','2018-05-10 19:15:31',6.371,3326,3,1,2
'2018-05-10 17:18:51','2018-05-10 22:32:11',14.126,21041,67,1,2
'2018-05-10 17:19:09','2018-05-10 21:26:17',15.402,20678,89,2,3
'2018-05-10 17:41:19','2018-05-10 21:11:14',11.893,143775,25,1,2
'2018-05-10 18:24:56','2018-05-10 23:02:52',9.369,20375,34,2,1
'2018-05-10 18:32:43','2018-05-11 00:25:36',2.594,317,55,1,3
'2018-05-10 19:09:42','2018-05-10 22:48:44',6.934,253379,11,2,3
'2018-05-10 19:21:40','2018-05-10 21:24:00',4.89,21058,88,2,2
'2018-05-10 19:32:51','2018-05-10 21:52:20',2.597,21057,1,1,2
'2018-05-10 19:58:29','2018-05-10 21:26:05',4.05,3991,43,2,1
'2018-05-10 20:20:18','2018-05-10 20:20:47',1.723,6951,36,2,2
'2018-05-10 22:01:07','2018-05-10 23:12:46',3.172,312,74,1,2
'2018-05-10 22:26:07','2018-05-10 22:56:03',1.516,92122,25,1,2
'2018-05-10 22:43:12','2018-05-11 01:19:26',13.918,334,48,1,1
'2018-05-10 22:54:50','2018-05-11 00:36:26',9.953,12498,69,1,1
'2018-05-10 23:36:15','2018-05-11 02:33:54',13.916,133928,36,2,1
'2018-05-11 00:28:33','2018-05-11 01:25:09',6.386,22503,70,1,1
'2018-05-11 00:46:35','2018-05-11 01:42:08',3.323,16161,3,1,1
'2018-05-11 00:51:50','2018-05-11 01:14:27',1.25,21046,12,1,3
'2018-05-11 01:13:34','2018-05-11 05:50:05',15.692,332,40,2,2
'2018-05-11 01:25:41','2018-05-11 02:56:14',4.958,253379,28,1,2
'2018-05-11 01:39:21','2018-05-11 05:37:26',13.9,21120,49,1,1
'2018-05-11 01:49:33','2018-05-11 02:50:41',5.972,20999,80,2,3
'2018-05-11 02:17:28','2018-05-11 04:50:57',9.004,20588,52,1,3
'2018-05-11 02:33:53','2018-05-11 03:29:20',3.357,20294,65,1,2
'2018-05-11 03:08:14','2018-05-11 04:46:06',5.012,6776,60,1,3
'2018-05-11 03:10:43','2018-05-11 04:26:22',4.259,44239,46,1,3
'2018-05-11 03:24:33','2018-05-11 04:39:56',8.468,329,89,1,3
'2018-05-11 03:24:42','2018-05-11 05:28:57',6.703,21073,68,2,3
'2018-05-11 03:58:10','2018-05-11 06:25:05',8.802,20660,10,1,1
'2018-05-11 05:44:53','2018-05-11 15:25:56',13.947,3326,45,2,2
'2018-05-11 06:48:33','2018-05-11 07:04:45',1.768,20377,8,1,1
'2018-05-11 11:45:08','2018-05-11 15:20:10',11.477,20412,70,2,1
'2018-05-11 12:01:04','2018-05-11 13:03:46',3.735,12628,2,1,1
'2018-05-11 13:28:04','2018-05-11 15:00:56',5.266,91283,48,1,1
'2018-05-11 13:47:46','2018-05-11 16:48:15',10.158,22503,80,2,2
'2018-05-11 14:05:08','2018-05-11 23:17:53',21.976,12628,75,1,2
'2018-05-11 14:11:10','2018-05-11 16:13:45',9.215,180674,32,1,3
'2018-05-11 14:37:46','2018-05-11 15:53:37',7.45,180674,23,2,3
'2018-05-11 14:42:23','2018-05-12 01:16:45',16.126,16161,63,2,1
'2018-05-11 15:02:23','2018-05-11 17:25:57',5.424,12604,76,2,1
'2018-05-11 15:02:28','2018-05-11 17:00:55',7.724,312,82,1,3
'2018-05-11 15:02:29','2018-05-11 19:41:28',27.652,21041,52,2,3
'2018-05-11 15:03:03','2018-05-11 17:57:29',6.188,22503,55,2,2
'2018-05-11 15:03:09','2018-05-12 00:38:33',9.659,20650,10,1,2
'2018-05-11 15:06:19','2018-05-11 22:38:14',31.16,133929,85,2,1
'2018-05-11 15:17:01','2018-05-11 23:05:56',17.485,20531,55,2,2
'2018-05-11 15:20:45','2018-05-11 18:38:46',10.006,330,79,2,3
'2018-05-11 15:23:06','2018-05-11 22:12:04',11.182,190,91,1,2
'2018-05-11 15:27:41','2018-05-11 18:11:26',6.994,20644,26,2,1
'2018-05-11 15:31:33','2018-05-11 17:11:39',2.539,3873,90,1,2
'2018-05-11 15:41:19','2018-05-11 17:03:23',5.346,311,75,2,2
'2018-05-11 15:48:55','2018-05-11 23:49:55',15.09,12555,56,2,1
'2018-05-11 15:52:12','2018-05-11 16:56:29',2.052,20514,20,1,2
'2018-05-11 15:57:09','2018-05-11 18:54:45',9.325,190,47,1,3
'2018-05-11 15:57:48','2018-05-11 17:18:46',2.17,6664,87,1,1
'2018-05-11 16:03:57','2018-05-11 17:04:45',1.344,20558,43,2,3
'2018-05-11 16:17:15','2018-05-12 01:19:36',7.876,91342,59,2,2
'2018-05-11 16:26:02','2018-05-11 20:38:42',6.891,6666,25,2,1
'2018-05-11 16:26:09','2018-05-11 17:21:03',2.005,20573,63,2,2
'2018-05-11 16:32:44','2018-05-11 21:05:49',5.837,44239,2,1,2
'2018-05-11 16:33:46','2018-05-11 18:21:44',2.619,166575,81,2,3
'2018-05-11 16:37:42','2018-05-11 18:27:42',2.268,20053,12,2,1
'2018-05-11 16:40:29','2018-05-12 01:23:08',1.361,20999,15,2,2
'2018-05-11 16:50:05','2018-05-11 20:24:39',4.269,21058,51,1,1
'2018-05-11 17:00:19','2018-05-11 21:20:17',13.033,91283,78,2,3
'2018-05-11 17:01:25','2018-05-11 23:19:58',12.322,20999,52,2,3
'2018-05-11 17:01:59','2018-05-12 00:16:03',13.95,20321,30,2,1
'2018-05-11 17:07:39','2018-05-11 17:38:54',0.9,232177,6,1,1
'2018-05-11 17:09:18','2018-05-11 20:07:34',7.465,92122,16,2,1
'2018-05-11 17:38:12','2018-05-11 23:05:17',5.29,322,11,2,1
'2018-05-11 17:50:16','2018-05-11 22:46:52',17.185,184,10,1,3
'2018-05-11 19:38:10','2018-05-12 00:28:23',2.518,3415,78,2,3
'2018-05-11 19:52:46','2018-05-11 22:25:48',5.512,12628,72,1,2
'2018-05-11 20:46:13','2018-05-11 21:28:47',0.93,12628,85,1,2
'2018-05-11 20:52:19','2018-05-11 23:05:55',3.964,232177,14,2,2
'2018-05-11 22:48:32','2018-05-12 00:11:25',4.133,22503,52,1,2
'2018-05-11 23:07:26','2018-05-11 23:27:58',0.728,6664,1,1,2
'2018-05-11 23:16:44','2018-05-12 00:15:06',4.368,277,24,2,1
'2018-05-11 23:36:24','2018-05-12 00:08:14',2.944,6776,78,2,1
'2018-05-12 01:24:16','2018-05-12 08:30:18',40.024,146500,20,2,2
'2018-05-12 01:36:19','2018-05-12 19:59:03',14.253,20382,35,1,1
'2018-05-12 01:43:47','2018-05-12 05:03:20',10.721,20412,90,2,2
'2018-05-12 02:08:26','2018-05-12 05:36:20',11.674,33433,42,1,2
'2018-05-12 02:19:52','2018-05-12 04:41:41',6.176,12628,22,2,3
'2018-05-12 02:22:09','2018-05-12 03:17:37',2.608,20053,45,2,3
'2018-05-12 02:28:00','2018-05-12 04:23:51',12.954,20552,83,2,3
'2018-05-12 04:05:45','2018-05-12 10:18:40',41.997,287,37,1,2
'2018-05-12 04:09:25','2018-05-13 06:20:25',6.51,21014,54,1,2
'2018-05-12 06:05:52','2018-05-12 09:57:23',13.354,259,33,1,3
'2018-05-12 06:23:00','2018-05-12 08:11:38',5.999,328,35,1,2
'2018-05-12 09:18:29','2018-05-12 12:50:07',12.533,21058,53,2,3
'2018-05-12 11:39:58','2018-05-12 13:04:17',4.671,146500,56,1,3
'2018-05-12 13:59:54','2018-05-13 02:26:04',14.046,180674,81,2,2
'2018-05-12 14:38:05','2018-05-12 15:48:45',2.346,259,74,2,3
'2018-05-12 15:31:33','2018-05-12 17:37:35',10.927,300,66,2,1
'2018-05-12 15:40:02','2018-05-12 16:57:16',4.03,190,45,2,3
'2018-05-12 15:58:58','2018-05-12 16:22:31',1.855,21114,59,1,3
'2018-05-12 16:03:33','2018-05-12 17:30:43',4.166,3968,36,2,2
'2018-05-12 16:41:47','2018-05-12 17:58:31',3.665,20004,37,2,3
'2018-05-12 16:42:47','2018-05-12 20:06:19',13.91,44239,17,1,3
'2018-05-12 16:52:39','2018-05-12 23:29:16',13.96,12601,16,1,1
'2018-05-12 17:03:27','2018-05-12 17:46:11',4.026,21011,48,2,1
'2018-05-12 17:28:12','2018-05-12 19:31:03',12.868,292,42,1,1
'2018-05-12 18:56:34','2018-05-13 20:09:39',42.017,133929,78,1,1
'2018-05-12 19:13:06','2018-05-12 22:44:24',12.57,109090,24,1,1
'2018-05-12 19:32:41','2018-05-13 00:06:56',13.909,73817,1,1,3
'2018-05-12 19:47:14','2018-05-12 20:12:35',2.662,176880,48,1,3
'2018-05-12 20:12:40','2018-05-13 00:16:51',13.908,3324,29,2,2
'2018-05-12 22:00:30','2018-05-12 23:40:31',11.039,282,47,1,1
'2018-05-12 22:02:20','2018-05-12 22:29:47',3.066,20678,87,1,2
'2018-05-12 22:16:16','2018-05-13 02:09:57',13.531,20785,14,2,3
'2018-05-12 22:28:05','2018-05-12 23:34:12',7.253,190,32,2,2
'2018-05-12 22:53:38','2018-05-13 01:20:57',13.901,16134,38,1,2
'2018-05-12 23:02:02','2018-05-13 03:47:09',31.363,20999,85,2,2
'2018-05-12 23:28:22','2018-05-13 01:37:29',13.021,12498,34,1,2
'2018-05-12 23:29:18','2018-05-13 04:01:28',13.92,285,10,2,3
'2018-05-12 23:30:01','2018-05-12 23:36:14',0.627,259,78,2,2
'2018-05-12 23:38:14','2018-05-13 09:52:16',39.85,20597,61,2,3
'2018-05-12 23:43:49','2018-05-12 23:50:23',0.68,21041,9,1,1
'2018-05-12 23:45:05','2018-05-13 02:28:17',13.902,21058,37,1,2
'2018-05-13 00:31:52','2018-05-13 00:53:18',2.333,282,23,2,1
'2018-05-13 00:41:26','2018-05-13 01:50:03',3.657,6669,90,2,3
'2018-05-13 00:44:02','2018-05-13 05:29:07',13.436,21041,70,2,2
'2018-05-13 01:20:02','2018-05-13 01:30:08',0.995,73817,28,1,2
'2018-05-13 01:56:52','2018-05-13 03:05:56',7.473,22503,22,1,3
'2018-05-13 02:29:41','2018-05-13 02:40:59',1.188,20678,24,2,2
'2018-05-13 02:55:38','2018-05-13 06:37:50',13.299,143775,48,2,2
'2018-05-13 03:52:46','2018-05-13 06:00:46',13.525,3327,35,1,1
'2018-05-13 07:02:28','2018-05-13 10:44:39',23.794,21114,4,2,1
'2018-05-13 07:20:31','2018-05-13 08:37:01',4.263,20101,65,1,3
'2018-05-13 08:45:42','2018-05-13 22:51:38',13.94,277,47,1,2
'2018-05-13 10:30:48','2018-05-13 12:36:46',7.404,20375,54,2,2
'2018-05-13 16:14:11','2018-05-13 20:27:22',29.166,3324,42,1,3
'2018-05-13 17:16:46','2018-05-13 18:23:05',7.017,127818,91,2,2
'2018-05-13 19:25:12','2018-05-13 20:45:27',4.441,6663,87,1,3
'2018-05-13 20:23:31','2018-05-13 23:38:14',11.403,6664,40,1,2
'2018-05-13 20:24:07','2018-05-14 00:48:44',13.913,20552,50,1,1
'2018-05-13 20:25:41','2018-05-13 22:28:25',14.561,109229,8,2,3
'2018-05-13 20:34:27','2018-05-13 23:45:07',11.246,259,48,2,1
'2018-05-13 21:06:52','2018-05-13 23:08:49',6.249,52475,90,2,2
'2018-05-13 21:15:04','2018-05-13 22:48:11',10.453,21011,28,1,1
'2018-05-13 21:20:00','2018-05-13 22:38:33',2.546,315,18,1,1
'2018-05-13 22:04:58','2018-05-13 23:33:49',10.065,201,26,1,2
'2018-05-13 23:27:33','2018-05-14 03:17:29',12.863,52475,21,1,1
'2018-05-13 23:33:11','2018-05-14 02:35:33',10.757,322,58,1,1
'2018-05-13 23:52:54','2018-05-14 01:13:56',3.946,86,36,2,3
'2018-05-14 00:03:20','2018-05-14 00:44:11',4.689,22503,24,1,1
'2018-05-14 01:41:27','2018-05-14 15:45:09',13.925,20053,60,2,3
'2018-05-14 02:05:17','2018-05-14 03:02:25',3.076,333,39,2,2
'2018-05-14 02:21:07','2018-05-14 06:49:59',15.93,331,37,2,3
'2018-05-14 02:48:54','2018-05-14 04:17:14',9.94,20303,84,1,3
'2018-05-14 03:06:18','2018-05-14 03:12:09',0.538,12601,4,2,3
'2018-05-14 03:37:27','2018-05-14 05:15:50',10.226,281,90,2,2
'2018-05-14 07:15:25','2018-05-14 10:48:44',12.65,127818,91,1,3
'2018-05-14 11:45:42','2018-05-14 15:26:14',11.633,6951,26,1,2
'2018-05-14 12:36:48','2018-05-14 12:59:50',2.554,330,81,1,3
'2018-05-14 13:33:22','2018-05-14 14:37:59',3.655,6951,59,1,3
'2018-05-14 13:39:11','2018-05-14 23:04:39',21.578,331,27,2,1
'2018-05-14 13:50:26','2018-05-14 20:43:40',11.795,16161,59,1,1
'2018-05-14 14:10:48','2018-05-14 23:16:46',7.919,21114,52,1,1
'2018-05-14 14:14:03','2018-05-14 16:04:54',6.694,109090,31,1,3
'2018-05-14 14:51:44','2018-05-14 15:53:04',2.832,329,46,2,3
'2018-05-14 14:54:27','2018-05-14 15:15:44',2.342,20303,45,1,1
'2018-05-14 14:57:20','2018-05-14 17:04:18',7.183,92122,85,2,1
'2018-05-14 14:58:30','2018-05-14 19:39:08',9.9,20303,76,1,2
'2018-05-14 15:06:04','2018-05-14 19:35:46',8.303,92122,82,2,1
'2018-05-14 15:06:21','2018-05-14 17:28:36',6.243,3327,68,1,2
'2018-05-14 15:06:39','2018-05-14 23:04:59',36.19,324,4,2,3
'2018-05-14 15:10:45','2018-05-14 18:41:43',11.847,75111,83,1,3
'2018-05-14 15:13:52','2018-05-14 22:45:08',23.343,6666,61,1,2
'2018-05-14 15:17:53','2018-05-14 16:46:48',3.21,3873,25,1,2
'2018-05-14 15:17:54','2018-05-14 18:12:46',7.929,108814,67,2,3
'2018-05-14 15:28:42','2018-05-14 17:37:52',9.193,20660,84,2,1
'2018-05-14 15:30:17','2018-05-14 18:19:05',6.827,127818,62,1,3
'2018-05-14 15:30:42','2018-05-14 17:19:27',2.955,12601,91,2,3
'2018-05-14 15:36:43','2018-05-14 21:38:29',3.396,6670,8,1,1
'2018-05-14 15:43:29','2018-05-14 22:59:43',9.702,75111,88,1,1
'2018-05-14 15:49:55','2018-05-14 17:27:30',2.952,20785,24,1,3
'2018-05-14 15:57:44','2018-05-14 19:51:05',5.683,12601,68,1,3
'2018-05-14 15:58:23','2018-05-14 17:12:01',1.122,20597,88,2,2
'2018-05-14 15:59:58','2018-05-15 00:57:33',13.94,16134,15,1,1
'2018-05-14 16:02:25','2018-05-15 00:02:12',30.378,324,64,1,1
'2018-05-14 16:02:42','2018-05-15 00:36:37',13.885,20616,43,2,1
'2018-05-14 16:02:50','2018-05-14 17:54:49',2.357,20053,84,1,1
'2018-05-14 16:10:17','2018-05-14 21:59:01',4.751,6758,41,1,2
'2018-05-14 16:12:54','2018-05-14 20:33:54',9.32,20558,74,2,3
'2018-05-14 16:22:28','2018-05-14 18:55:21',4.84,282,91,1,2
'2018-05-14 16:24:43','2018-05-14 17:49:21',1.884,3873,67,2,1
'2018-05-14 16:41:00','2018-05-14 20:12:25',5.367,322,52,1,2
'2018-05-14 16:44:09','2018-05-14 18:16:49',3.017,3324,74,2,3
'2018-05-14 16:45:03','2018-05-14 22:44:10',12.619,109090,84,2,3
'2018-05-14 16:52:17','2018-05-14 20:53:50',4.829,15627,61,2,1
'2018-05-14 17:04:10','2018-05-15 00:23:45',13.479,52475,53,2,1
'2018-05-14 17:06:22','2018-05-14 23:59:32',10.768,15689,29,1,3
'2018-05-14 17:13:12','2018-05-14 17:53:22',0.585,20999,61,1,1
'2018-05-14 17:56:52','2018-05-14 22:28:49',5.328,281,41,1,3
'2018-05-14 18:26:53','2018-05-14 22:17:08',11.287,21046,69,1,3
'2018-05-14 18:47:42','2018-05-14 20:25:05',1.475,184,68,2,1
'2018-05-14 20:56:06','2018-05-14 23:46:32',13.956,21064,45,1,3
'2018-05-14 21:52:49','2018-05-14 22:32:47',3.212,6666,20,2,2
'2018-05-14 22:23:11','2018-05-15 01:10:36',9.581,312,32,2,1
